10 40
3 5384 999999379
6 3 3143419 8
8 3 36890178 4
1 8 65131287 9
10 9 113737349 6
6 8 155593400 6
9 7 163812973 10
10 6 188799265 1
6 8 207630719 1
2 6 215184890 10
6 1 230630938 9
7 2 270502357 9
5 6 272228637 7
7 10 367464534 1
10 2 369729218 5
4 6 382838836 9
3 9 393008225 1
4 6 398668727 10
2 5 419726088 9
7 3 464407908 2
4 10 500583674 2
6 1 544710768 9
7 1 545175338 4
5 10 567396979 2
6 7 594619953 7
3 1 607654847 4
6 1 633462024 5
9 2 678432434 3
4 8 731161041 1
8 4 744255473 4
7 10 762179928 8
6 7 777058901 1
2 4 809960850 9
9 1 814686256 4
2 8 861554397 2
5 1 893906935 8
2 1 927692476 7
9 10 934205064 5
8 9 939353807 2
10 1 975226044 8
2 9 985702330 2
