10 40
8 11564 999980245
9 1 19321816 10
4 10 31328139 10
10 2 42270063 7
9 7 43407461 1
4 7 73271295 8
3 6 106302244 4
1 10 153292301 4
1 6 181570209 6
4 10 202764490 5
5 1 227024193 6
7 3 237775594 7
4 6 247614226 9
8 2 270139295 6
7 3 271535440 7
7 4 314952223 4
4 5 319592310 5
1 2 321291015 8
8 2 389651902 3
4 5 455231562 3
4 1 476159610 2
3 10 519850860 3
6 2 567937309 10
5 10 584636269 3
4 5 585485930 1
3 8 590807132 6
7 2 605631035 9
6 1 671417858 9
2 9 697679922 4
6 4 707993783 5
3 10 716331472 2
10 2 719194943 6
6 8 751719428 4
7 2 785711810 10
1 3 787726303 2
6 1 816181668 4
9 8 842603024 2
10 8 864204092 6
1 6 886241924 3
3 5 963892182 4
9 1 994024491 9
